44 47 48 49 48
64 66 68 69 71 72 72
21 22 25 26 28 30 31 35
41 43 44 46 47 50 57
32 35 36 35 38 40 43 44
77 78 78 80 82 84
10 13 16 20 17
47 44 47 49 52 53
32 32 33 36 38 40
60 64 65 68 71 72
4 8 7 9 12 15
76 81 82 83 84
3 8 5 6 9 12 13 16
82 80 78 77 74 71 68 69
93 92 90 88 87 83
68 67 65 64 61 59 56 51
13 10 9 10 7
85 83 81 81 78 76
61 60 59 56 55 51 52
44 47 45 42 39 36 33
29 32 28 27 24
99 99 97 96 93 92 89
68 64 62 61 60 57 56
94 88 85 82 79 76 73 71
63 57 60 59 58 56 55 53
68 69 72 73 75 77 78 76
86 88 91 93 93
8 11 12 14 15 19
5 7 8 11 14 15 16 22
78 81 80 83 85 86 88 89
44 47 47 48 49
71 74 75 79 76
22 25 28 30 32 34 39 37
27 25 28 31 32 35
12 12 14 16 18 20
16 20 22 24 25 26 29
46 53 56 57 58 61 64 66
69 68 67 65 64 65
45 42 41 40 40
83 80 79 78 76 72
74 72 69 67 66 63 57
87 86 83 81 79 80 77 74
14 13 11 12 8
25 23 22 21 21 19 17
74 72 71 69 67 63 64
61 64 63 61 58 55 52
11 12 8 5 2
78 78 75 74 73 71
26 22 19 16 15 14
17 12 9 8 5 3
94 91 89 88 86 83 80 80
48 47 45 43 40 39 35
31 34 32 30 28 27 24 22
93 90 92 90 89 87 84 81
50 53 54 56 60
70 67 64 62 62
